Connected To Database
Loaded data from /afs/andrew.cmu.edu/usr14/jinh/phase2/data/com-dblp.ungraph-75000.txt
Computing Node degrees...
Computing PageRanks...
index: 0.00214576721191
index: 0.0
index: 0.00286102294922
index: 0.0
index: 0.0
index: 0.0
index: 203.822851181
index: 0.00214576721191
Iteration = 1, Error = 0.006234
whole: 6694.42391396
Disconnected From Database
