Connected To Database
Loaded data from /afs/andrew.cmu.edu/usr14/jinh/phase2/data/p2p-Gnutella31.txt
Computing Node degrees...
Computing PageRanks...
index: 0.00309944152832
index: 0.000953674316406
index: 0.00286102294922
index: 0.0
index: 0.0
index: 0.0
index: 234.168052673
index: 0.00190734863281
Iteration = 1, Error = 0.005919
whole: 4398.40888977
Disconnected From Database
