Connected To Database
Loaded data from /afs/andrew.cmu.edu/usr14/jinh/phase2/data/com-amazon.ungraph-75000.txt
Computing Node degrees...
Computing PageRanks...
index: 608.711957932
index: 0.00190734863281
index: 0.00286102294922
index: 0.00119209289551
index: 0.0
index: 0.0
index: 0.000953674316406
index: 0.000953674316406
Iteration = 1, Error = 0.005800
whole: 5237.24102974
Disconnected From Database
