Connected To Database
Loaded data from /afs/andrew.cmu.edu/usr14/jinh/phase2/data/ca-AstroPh.txt
Computing Node degrees...
Computing PageRanks...
index: 0.00190734863281
index: 0.000953674316406
index: 844.407081604
index: 0.00214576721191
index: 0.000953674316406
index: 0.0
index: 0.00190734863281
index: 0.0
Iteration = 1, Error = 0.006543
whole: 6294.59309578
Disconnected From Database
