Connected To Database
Loaded data from /afs/andrew.cmu.edu/usr14/jinh/phase2/data/cit-HepPh.txt
Computing Node degrees...
Computing PageRanks...
index: 0.00214576721191
index: 0.00119209289551
index: 1124.0170002
index: 0.00190734863281
index: 0.00119209289551
index: 0.0
index: 0.000953674316406
index: 0.000953674316406
Iteration = 1, Error = 0.005919
whole: 8086.96818352
Disconnected From Database
