Connected To Database
Loaded data from /afs/andrew.cmu.edu/usr14/jinh/phase2/data/cit-HepPh.txt
Computing Node degrees...
Computing PageRanks...
index: 0.00214576721191
index: 0.0
index: 0.00309944152832
index: 0.000953674316406
index: 67.3248767853
index: 0.000953674316406
index: 0.00214576721191
index: 0.0
Iteration = 1, Error = 0.005919
whole: 6647.94898033
Disconnected From Database
