Connected To Database
Loaded data from /afs/andrew.cmu.edu/usr14/jinh/phase2/data/com-amazon.ungraph-75000.txt
Computing Node degrees...
Computing PageRanks...
index: 0.00190734863281
index: 0.0
index: 0.00381469726562
index: 0.0
index: 167.598009109
index: 0.00190734863281
index: 0.00190734863281
index: 0.0
Iteration = 1, Error = 0.005800
whole: 4906.90302849
Disconnected From Database
