Connected To Database
Loaded data from /afs/andrew.cmu.edu/usr14/jinh/phase2/data/com-amazon.ungraph-75000.txt
Computing Node degrees...
Computing PageRanks...
index: 0.00214576721191
index: 0.0
index: 0.00405311584473
index: 0.0
index: 0.000953674316406
index: 0.0
index: 0.000953674316406
index: 0.0
Iteration = 1, Error = 0.005800
whole: 5431.8549633
Disconnected From Database
