Connected To Database
Loaded data from /afs/andrew.cmu.edu/usr14/jinh/phase2/data/soc-Slashdot0811-75000.txt
Computing Node degrees...
Computing PageRanks...
index: 613.117933273
index: 0.00286102294922
index: 2019.18697357
index: 0.00190734863281
index: 145.388126373
index: 0.00190734863281
index: 176.322937012
index: 0.00214576721191
Iteration = 1, Error = 0.009166
whole: 12033.3349705
Disconnected From Database
