Connected To Database
Loaded data from /afs/andrew.cmu.edu/usr14/jinh/phase2/data/com-amazon.ungraph-75000.txt
Computing Node degrees...
Computing PageRanks...
index: 254.933834076
index: 0.00190734863281
index: 464.176893234
index: 0.00190734863281
index: 746.081113815
index: 0.00190734863281
index: 138.221025467
index: 0.00309944152832
Iteration = 1, Error = 0.005800
whole: 6672.66178131
Disconnected From Database
