Connected To Database
Loaded data from /afs/andrew.cmu.edu/usr14/jinh/phase2/data/com-dblp.ungraph-75000.txt
Computing Node degrees...
Computing PageRanks...
index: 290.935993195
index: 0.00190734863281
index: 0.00286102294922
index: 0.0
index: 0.0
index: 0.0
index: 0.000953674316406
index: 0.0
Iteration = 1, Error = 0.006234
whole: 5272.56083488
Disconnected From Database
