Connected To Database
Loaded data from /afs/andrew.cmu.edu/usr14/jinh/phase2/data/soc-Slashdot0811-75000.txt
Computing Node degrees...
Computing PageRanks...
index: 0.00286102294922
index: 0.00119209289551
index: 0.00286102294922
index: 0.0
index: 0.0
index: 0.0
index: 133.290052414
index: 0.00214576721191
Iteration = 1, Error = 0.009166
whole: 12030.7729244
Disconnected From Database
