Connected To Database
Loaded data from /afs/andrew.cmu.edu/usr14/jinh/phase2/data/cit-HepPh.txt
Computing Node degrees...
Computing PageRanks...
index: 0.00190734863281
index: 0.0
index: 0.00309944152832
index: 0.00119209289551
index: 0.0
index: 0.0
index: 67.6140785217
index: 0.00190734863281
Iteration = 1, Error = 0.005919
whole: 9074.86605644
Disconnected From Database
