Connected To Database
Loaded data from /afs/andrew.cmu.edu/usr14/jinh/phase2/data/cit-HepTh.txt
Computing Node degrees...
Computing PageRanks...
index: 0.00190734863281
index: 0.00119209289551
index: 0.00309944152832
index: 0.000953674316406
index: 0.0
index: 0.0
index: 57.1889877319
index: 0.00119209289551
Iteration = 1, Error = 0.007552
whole: 6061.191082
Disconnected From Database
