Connected To Database
Loaded data from /afs/andrew.cmu.edu/usr14/jinh/phase2/data/com-amazon.ungraph-75000.txt
Computing Node degrees...
Computing PageRanks...
index: 0.00286102294922
index: 0.000953674316406
index: 734.338998795
index: 0.00190734863281
index: 0.000953674316406
index: 0.0
index: 0.00405311584473
index: 0.0
Iteration = 1, Error = 0.005800
whole: 5291.84222221
Disconnected From Database
