Connected To Database
Loaded data from /afs/andrew.cmu.edu/usr14/jinh/phase2/data/com-dblp.ungraph-75000.txt
Computing Node degrees...
Computing PageRanks...
index: 0.00190734863281
index: 0.000953674316406
index: 933.789014816
index: 0.00214576721191
index: 0.0
index: 0.000953674316406
index: 0.000953674316406
index: 0.0
Iteration = 1, Error = 0.006234
whole: 5773.49209785
Disconnected From Database
