Connected To Database
Loaded data from /afs/andrew.cmu.edu/usr14/jinh/phase2/data/soc-Slashdot0811-75000.txt
Computing Node degrees...
Computing PageRanks...
index: 0.00286102294922
index: 0.000953674316406
index: 0.00286102294922
index: 0.0
index: 135.468006134
index: 0.00190734863281
index: 0.00214576721191
index: 0.000953674316406
Iteration = 1, Error = 0.009166
whole: 12225.1000404
Disconnected From Database
