Connected To Database
Loaded data from /afs/andrew.cmu.edu/usr14/jinh/phase2/data/ca-AstroPh.txt
Computing Node degrees...
Computing PageRanks...
index: 0.00214576721191
index: 0.000953674316406
index: 0.00405311584473
index: 0.000953674316406
index: 43.6902046204
index: 0.000953674316406
index: 0.00119209289551
index: 0.0
Iteration = 1, Error = 0.006543
whole: 6640.86604118
Disconnected From Database
