Connected To Database
Loaded data from /afs/andrew.cmu.edu/usr14/jinh/phase2/data/com-dblp.ungraph-75000.txt
Computing Node degrees...
Computing PageRanks...
index: 0.00190734863281
index: 0.0
index: 0.00286102294922
index: 0.0
index: 178.623914719
index: 0.00190734863281
index: 0.000953674316406
index: 0.000953674316406
Iteration = 1, Error = 0.006234
whole: 4774.32107925
Disconnected From Database
